154 635 920 -53 -625 137 -414 441 479 -93 -734 919 -166 -722 -625 659 -987 -762 474 -144 -335 132 612 295 -787 -541 -948 -475 782 700 -955 421 945 682 -697 874 442 825 -261 -883 -200 647 -241 583 954 -115 804 896 -224 35
284 546 5 117 -696 -442 -737 -241 -533 312 -519 -335 -250 -700 91 -600 -704 -515 -9 773 43 737 -406 188 378 -243 -9 196 -704 138 457 1 870 -365 842 678 547 229 -88 196 -622 294 124 282 -67 -935 19 983 -306 -155 -145 -208 -699 -607 -8 387 -477 370 892 468 823 210 859 646 -695 -856
745 -20 551 -223 -455 962 15 -392 544 478 694 -241 -135 -415 -205 442 -333 -703 -879 -605 -434 -569 362 801 -215 769 -467
-169 -153 38 967 -903 216 -105 369 -245 920 -858 953 799 705 -963 -253 -396 238 -548 -523 961 -44 -489 -643 -985 125
-319 450 666 -701 -46 896 574 638 725 313 599 -870 600 556 -848 445 182 -932 182 -876 126 -720 265 753 -214 403 582 -525 -323 537 873 -269 787 -594 -377 -482 547 -608 298 568 86 -743 -351 838 11 -990 -910 -777
-737 -616 684 -342 46 -746 -30 -753 -72 -772 580 641 -105 232 82 -143 525 -392 -488 734 939 301 410 -319 -173 -370 789 -691 692 -868 848 903 453 -650 -646 514 740 34
91 -788 -188 -887 795 -286 478 -994 605 -734 -562 305 339 317 221 619 -440 125 307 278 -940 -544 981 -403 -558 712 41 507 522 -693 926
-243 -72 617 685 76 -377 -369 303 -675 440 -217 -874 731 -541 -739 -210 453 -355 70 864 -291 -745 379 -386 512 640 210 -603 728 -664 299 -349 103 133 -1
-632 -935 647 490 618 217 -743 294 -765 897 293 446 147 -543 -316 -900 278 659 -988 375 -503 462 -175 623 672 710 -630 -105 793 -656 -408 -667 -584 854 402 -104 851 75 351 382 -225 -503 -961 710 979 -884 960 497 0 416 228 -353 -174 -631 649 431 306 782
-605 -806 546 -261 173 214 -637 -704 -999 -541 205 -781 776 464 825 908 -828 -264 -70 -812 856 735 673 -607 -384 -352 -82 -950 889 -867 470 758 -236 -224 -168 976 55 -471 -666 901 238 326 -462 -460 -980 904 532 -671 584
-236 -444 -675 429 327 -336 917 878 -800 -238 644 503 -34 -181 -282 418 -22 795 -515 -142 -949 -750 609 18 -944 189 -917 -97 691 366 366 -837 870 197 -593 233 149 -372 -467
122 289 774 -38 -439 157 959 -935 -534 -520 22 -545 -690 641 586 838 -385 -457 635 523 -682 637 949 106 934 -825 561 465
-62 600 -804 -415 84 531 439 234 302 -722 -470 -387 -814 -835 -300 948 259 677 824 -566 -697 -753 626 753 -688 -492 320 718 -195 -925 -265 686 41 680 -789 96 582 -638 662 872 773 -8 849 946 757 557 -649 134 751 -817 -324 -566 199 135 -405 187 664 -505 -715 -782 724 977 370 -798 -153 671 596 93 -10 990 876 295 135
-463 991 852 -844 -889 698 793 954 -282 -623 -250 391 546 209 -148 126 -660 -207 764 927 -147 -911 463 -110 144 523 499 -607 -963 -124 -483 -297 -635 334 -261 -834 608 68 -523 715 -543 87 -945 735 -617 926 -838 994 -179 -142 966 -375 -282 -823 -888 773 178 471 -781 -912 -933 635 -862 554 -415 -825 -401 486 -124
431 -401 -832 135 27 108 -174 593 -617 496 966 190 -422 -719 550 502 675 361 -509 -303 399 763 -173 489 -198
884 849 123 601 -546 -805 463 -296 -839 -671 -233 -396 -918 -482 729 -694 -798 -289 128 -413 -12 -727 735 -799 834 853 -821 -799 -88 340 -271 123 151 -206 640 -406 334 6 221 994 -897 378 -779 -352 -578 -933 727 398 -784 913
341 67 -55 -873 170 -225 -334 820 -411 -546 -665 498 347 382 616 247 391 -115 -109 118 -544 -243 12 -554 875 201 500 -5 -891 -510 424 259 658 964 907 -539 -134 374 220 -312 661 721 935 60 703 441 -938 223 160 74 736 201 343 -65 -832 -360 -844 -196 72 571 542 851 359 117 387 431 -514 742 731 -362 77 -654
698 707 -587 -948 632 978 -143 -441 231 -201 562 945 995 -520 -204 -450 681 702 -911 354 -313 -460 220 -678 -549 -333 422 416 -850 -150 -44
909 907 -417 203 -392 360 -515 821 -104 738 -817 -485 -636 -858 -37 -605 790 -32 -130 -712 -305 204 -478 -578 81 -78 84 53 -781 663 120
936 -842 706 456 859 319 556 -427 -605 -82 -914 28 -741 -574 24 -577 444 715 939 353 -410 4 958 508 832 -645 -25 -145 60 254 92 -899 -8 -697 743 -466
-13 795 36 -34 768 67 -415 370 715 138 -849 951 -248 38 -528 -834 532 738 -542 330 929 -466 180 956 -169 -564 -695 754 884 -753 -806 65 608 192 -362 -700 45 -258 -141 893 828 883 -590 -822 485 267 -6 688 29 -3 280 -61 -54 -868
377 -615 590 -493 -648 -665 -587 -283 -219 -429 -458 -323 -25 -892 -840 279 -175 -99 584 231 687 459 230 628 -493 805 -501 -383 522 -926 -2 884 -886 341 -118 -475 583 -825 128 -361 -933 -23 131 282 586 632 775 -68
-188 394 -937 280 -605 -163 24 485 396 13 314 203 830 379 -756 -802 83 669 -884 976 382 905 -544 -925 337 -972 -502 811 -954 -368 230 -701 214 340 -129 -64 -663 -377 481 719 -268 55 26 427 -981
-718 617 -761 343 6 -805 475 632 38 915 766 532 -617 961 -16 561 -869 54 384 582 -359 -438 546 889 372 -621 219 -736 381 15 609 -167 364 998 -440 -242 788 -199 -105 -846 -320
-930 531 960 279 -706 -688 -967 -219 -370 478 527 -469 -19 -331 -83 913 -442 -797 -275 -128 591 108 86 -307 291 736 -206 10 -723 748 -610 926 800 737 -842 -221 -389 -760 -737 -723 525 -607 -117 -177 674 439 -261 -209 501 841 -391 -117
-628 -603 -636 -835 -323 386 7 191 -615 260 919 -222 -171 697 -914 393 -123 339 13 -267 -973 -657 336 -995 179 -534 589 -84 208 -986 -572 -317 -919 -940 -954 -548 825 -748 -566 -718 -462 250 38 151 -454 -745
513 29 -229 124 -645 770 -634 655 -262 574 931 403 964 229 846 528 990 572 -821 -462 -829 -576 73 -279 261 784 427 161 71 496 686 492 -257 243 -22 488 -625 468 -67 38 -324 249 -816 -989 27 74 857 602 420 702 -29 -590 -343 -44 -29 279 -290 -905 647 425
-691 506 605 -908 967 -353 -376 466 -977 -169 -446 143 -191 -853 932 -319 -169 -307 636 -150 779 622 -684 -68 -396 -558 177 106 628 169 -688 -652 956 259 421 835 675 -735
114 -867 -776 158 595 822 -12 690 -853 -215 -230 -540 230 549 -457 605 14 -863 701 647 -510 -197 669 -603 429 -961 876 285 523 697 -229 -177 -879 740 908 205 885 -678 326 -429 -645 -977 753 -496 48 63 -648 995 -771 -270 926 -767 708 -139 39 -222 276
429 -576 980 -902 -993 -591 -354 -963 914 52 964 899 -560 -757 203 -127 -826 706 -766 -539 -909 779 688 -684 -486 -183 -586 557 -829 -862 701 -745 397 -79 -1 -123 -620 11 375 456 -130 363 263 137 532 364 955 -89 -199 -974 731 243 300 -99 660 742 -107 510 -635 115 -794
732 -685 -606 -780 412 -17 -126 -522 738 976 -791 164 876 0 -434 -354 990 668 -261 409 -313 -178 219 -45 -134 -674 752 953 -85 62 73 697 55 929 503 -707 725 -548 662 -588 -240 554 -864 624 516 -689 -707 -654 -84 -567 497 183 -556 -952 -525 246
-558 406 -202 788 -28 -639 848 250 -163 968 46 -722 350 -49 -869 434 813 342 142 -464 -990 -358 -824 580 60 381 -534 966 855 301 -435 262 587 -355 983 -402 -859 -343 -293 -512 951 -981 257
120 987 953 92 99 398 -223 898 481 -614 -197 -806 341 864 138 -848 -419 402 695 860 422 -866 804 227 -270 -343 85 -129 -376 203 241 -29 -841 -272 246 -771 -779 -864 -927 -743 -169 -419 163 762 580 747 678 953 465 557 513 826 943
-77 -55 -221 -234 -620 660 15 171 65 -364 -917 82 -987 684 -821 243 -713 109 983 -752 -692 385 -384 -311 -145 999 -805 303 -208 -810 -474 -299 -183
-635 -407 120 -591 -586 -873 -332 508 5 -324 -741 559 -275 600 -524 -744 848 -636 213 202 103 -612 -590 307 313 159 -442 -223 -811 -28 809 351 604 -189 951 187 106 772 107 -784 496 -202 19 946 866 -114 -763 -907 199 727 -145 322 -635 -105 264 -924 991
-72 -603 103 -905 -429 -489 -477 242 -109 10 172 736 -58 -576 10 -690 -379 356 -439 726 -436 -935 715 -35 -51 830 508 -981 -495 -911 -567 528
-648 -565 -786 50 193 -594 545 599 427 846 -63 913 -486 -34 -289 490 -710 -240 195 -469 -90 -315 152 55 727 -8 -860 -731 203 282 -835 871 609 986 -129 953 175 583 -963 -358 -91 758
-3 -323 735 799 -618 803 491 -716 400 453 -191 -452 -3 580 -360 -736 832 872 -413 190 498 652 -536 233 -884 645 -949 -766 250 816 -753 412 245 -301 -207 -14 -737 493 -424 235 -977 964 -682 802 -109 474 545 -332 229 814 -665 -855 663 110 -359 -782 124 832 -34 -532 -487 -372 -942 -617 820 -994
214 811 -840 -726 797 -433 -303 -140 478 863 913 -10 -442 473 -251 -721 -671 372 -186 674 -976 -497 -423 -531 443
-969 -131 -206 -964 -338 -349 -67 133 -673 980 608 -258 630 636 -916 -177 -107 236 -502 790 -115 -494 -11 663 -59 111 491 -290 549 926 -978 -201 44 996 250 693 -946 885 636 435 -291 -577 -3 -598 -802 558 751 -357 242 -871 500 -7 -64 -594 522 -450 -548 -191 56 443 -878 -718 176 -968 -677 726 372 -380 291 -224 582 -904 438 665 213
435 178 503 -121 502 -517 -170 805 -185 -972 -104 509 874 880 -826 -490 994 273 486 225 156 -240 668 -814 763
-519 833 495 761 -181 -544 -57 114 498 -873 -382 899 -327 906 710 182 -442 -489 -508 -62 -322 64 147 99 -373 -794 -430 -790 -813 -116 -99 -570 -520 -617 -475 769 -454 743 637 482 631 506
177 -752 -797 -709 336 -272 -334 -639 -576 -244 386 -855 272 -817 -912 939 -108 791 927 -278 -866 315 -907 -548 -83 -343 352 -764 -788 482 294
-237 145 -149 -52 -495 519 38 -875 680 829 -896 -844 -232 581 -443 -905 301 838 213 -97 -916 -85 -819 -536 -946 500 -270 -882 -97 -672 67 93 -201 -920 -200 -716 627 982 839 -877 -43 -506 -490 -946 880 -383 -343 -949 -43 -809 9 -88 714 -793 -191 418 423 -374 -685 725 866 -64 -349 -69 -923 482 939 979 -237 -900 -598 808 171 -667 -454
-109 -439 -296 958 837 -572 11 160 610 -10 -1000 214 284 -59 -414 -392 -208 -113 -420 -446 216 -807 597 -958 -298 14 27 270 854 776 120 -34 345 -245 -57 569 792 -904 -349 -467 941 835 -521 -181
877 571 582 182 -446 959 783 886 -379 -858 -408 462 -819 767 787 -471 -58 -944 698 -273 131 -54 313 713 603 -119 -3 340 377 -908 -863 -793 -695 819 -789 -614 164 -272 910 -481 588 544 -952 366 366
-233 302 -463 -951 -841 624 -787 -661 774 -882 -11 148 -571 -368 -285 926 -841 -435 364 892 995 285 661 -356 465 -170 758 855 -912 -648 31 -38 972 -749 -398 944 101 -977 -388 -993 -535 564
-51 -311 -379 -383 327 184 -890 -542 -935 -636 485 390 56 -147 17 -431 -451 -179 -409 -674 -159 -879 -400 19 691 -827 -686 780 405 472 -494 330 519 124 131 806 938 750 -953 638 -249 987 -464 -571 -366 -144 410 -658 -921 118 614 -654 -606 23
710 -949 -796 995 600 -712 -715 899 225 -301 984 318 -107 -414 -130 -55 -481 -160 -632 533 295 -210 -562 -120 533 450 377 -785 158 281 -585 -229 13 -242 -238 916 317 -121 380 -698 -31 -371 -965 -342 -997 -283
219 -694 213 -558 -896 -436 -665 -537 -660 932 156 62 -148 155 -705 983 166 376 -70 307 -973 632 848 848 -936 -596 -271 932 674 895 276 580 -98 -752 840 -734
-647 378 -451 311 450 -871 -303 501 -714 -110 336 838 -1 -586 685 876 455 -429 -343 959 -944 981 234 859 -485 -817 261 963 -218 -634 353 -114 905 -678 180 -559 356 -487 -876 -459 459 140 -315 -794 -850 -696 -545 -680 793 960 -287 -299 65 897 -685 185 244 -958 722 923 -909
37 -246 -981 -807 -117 614 -910 -808 545 -338 784 79 481 -695 -860 147 -850 -215 784 24 -222 -56 967 -903 379 -784 356 -53 -971 485 998 -885 -922 933 -129 -36 -524 879 621 541 403 977 -281 173 -861 -979 -31
-472 565 -797 -594 263 219 -780 -702 825 -523 962 879 598 -285 -900 767 634 -446 -674 -787 244 122 89 166 -153 -60 -558 -768 545 -572 34 -871 -979 79 246 -982 -28
985 -174 -337 184 409 -401 169 137 175 827 765 64 -851 -564 -591 882 -15 -933 169 726 -129 754 -640 801 712 -129 -665 803 210 -241 788 -707 -46 538 -109 -533 -56 976 -158 919 -560 -691 -288 280 485 -558 -34 -489 779 -807 492 765 -549 -227 -651 -735 -141 -314 -639 -769 -248 743 -345 586 -80 627 -390 466
-1000 -779 120 396 52 712 -505 -895 -96 -191 938 -829 -801 -376 832 629 -993 -229 699 -25 -335 356 -107 -981 718