928 882 N/A -481 N/A 94 N/A -728 N/A -804 648 N/A -752 N/A 777 490 642 402 N/A -291 515 N/A 747 -581 -574 470 -708 N/A 41 317 590 197 -879 965 827 687 N/A -433 317 707 982 N/A -976 -24 224 -352 N/A -107 N/A -822 -487 229 371 -646 614 -487 -776 -577 -992 N/A 384 352 586 N/A -292 908 N/A -757 N/A -60 N/A 917
916 N/A -155 760 -580 -343 408 N/A -229 N/A -19 N/A 959 938 N/A 313 -23 813 233 892 N/A 550 594 -488 792
-984 -780 N/A 432 731 -823 40 332 N/A 959 -889 840 310 N/A 607 -702 184 N/A 965 N/A -286 -645 -668 407 N/A 613 -882 -652 -555 N/A -223 N/A 609 -406
-312 N/A -448 N/A 777 -752 993 466 -269 -316 N/A 402 N/A -287 271 -250 -973 -457 -379 29 104 N/A 748 335 N/A -678 89 N/A 521 194 -472
-101 N/A -463 954 -922 516 951 N/A 258 924 990 -659 282 720 -707 -579 535 -206 -490 N/A -218 N/A 603 N/A 617 240 -483 N/A 596 N/A 464 N/A -230 -176 N/A -3 873 N/A -154 549 -38 -363 508 409 N/A 224 N/A 474 -197 153 N/A 501
664 N/A 69 -96 401 N/A 578 -74 909 -834 -609 N/A -481 372 N/A 147 -777 -537 -554 N/A 838 -396 -382 959 -589 848 N/A -854 N/A 596 N/A 143
-203 N/A -816 N/A 48 -672 -706 -47 247 962 -139 N/A -721 -12 -298 -770 -725 N/A -301 692 -443 765 330 437 404 N/A -141 N/A 131 -389 N/A 190 150 -990 910 847 N/A -211 471 N/A -991 N/A -699 N/A -387 -950 N/A 608 -303 N/A -594 -676 387 -37
623 312 -959 N/A -498 -728 N/A -385 669 -780 N/A -17 -789 -5 595 -929 N/A -559 734 N/A -252 -530 674 993 N/A 264 256 N/A 803 399 N/A -400
510 -500 264 N/A -640 N/A -9 -903 -974 511 325 363 516 N/A 863 458 -856 N/A -621 955 875 N/A 246 -650 96 -800 N/A -938 941 -300 -456 2 554 -628 -886 N/A 279 N/A -945 N/A -121 -6 N/A -927 139 -140 -542 N/A -405 N/A 11 322 598 529 N/A -121 N/A -306 N/A -832 657
-471 14 -764 N/A -517 358 -165 125 N/A 779 97 968 N/A 461 -505 -71 163 -521 N/A 88 N/A 930 93 N/A -45 -684 977 N/A -548 737 N/A 804 -890
224 -973 -199 -537 -610 475 129 608 242 N/A 206 N/A 992 -591 910 49 -330 N/A 735 N/A 933 N/A -892 N/A -240 645 N/A -383 578 -376 -911
814 N/A -155 888 N/A 909 968 569 N/A 839 -605 N/A -715 N/A -279 N/A -955 N/A -961 967 238 N/A 659 588 -54 602 -115 -868 572 807 398 -283 N/A -445 -408 N/A -27 -118 822 -752
806 136 N/A -742 865 47 N/A -282 206 N/A -5 721 518 482 N/A -300 N/A 389 N/A -857 -447 355 867 -541 N/A -599 992 N/A 577 -198 785 -113 34 -846 -355 -671 -140 -999 N/A 570 -816 N/A 475 -494 N/A 889 210 N/A 283 585 N/A -547 N/A 82 -498 -112 727 -942 -512 N/A -1 -983 -437 -194 -633 N/A 34
638 N/A 364 61 -893 N/A -879 N/A -151 N/A 681 N/A -479 -436 -275 -254 -18 -878 N/A 480 N/A -974 356 -611 N/A 252 780 N/A 0 596 426 N/A 711 -82 -838 -324 -274 163 147 -17 N/A -500 570 -782
362 N/A 686 N/A 625 N/A 45 576 N/A -855 N/A -987 216 -728 299 N/A -65 -731 -958 -686 N/A -20 413 143 233 -952 417 529 N/A 734 -240 N/A -878 -621 N/A -343 318 -240 884 -547
526 449 42 65 616 -1000 N/A 224 -360 N/A -362 947 N/A 124 -59 -459 N/A 439 496 -932 40 N/A 148 -824 765 N/A -512 N/A 514 -62 N/A 387 988 N/A 596 -135 668 294 N/A 55 -879 -335 N/A -400 377 N/A -690 N/A 844 -458 233 292 129 728 -715 345 N/A -216
-15 532 N/A -46 345 -619 N/A 822 -766 N/A 842 140 N/A 533 -224 -577 N/A 516 -158 206 953 N/A 751 505 -805 N/A 650 -685 159 -58 -10 -345 188 -713 N/A -799 361 N/A 588 -258 -935 286 -997 N/A -221 535 -739 N/A 804 N/A -630 N/A -855 -547 -380 -197 877 208 N/A -673 -912 N/A 171 N/A 385 -545 N/A 504 621 -560 -612 -257 555 N/A 590
-333 362 58 N/A -544 -942 N/A -127 145 631 N/A -528 763 -31 698 76 295 N/A 469 N/A -625 N/A 37 N/A -855 406 -972 N/A 920 -191 -830 -374 171 515 -294 97 -812 N/A 176 N/A -644 -199 -700 432 N/A -186
703 N/A 647 -644 34 N/A 170 -21 -536 N/A 630 465 -344 435 914 N/A -382 -984 531 N/A -248 N/A -622 851 N/A 201 983 236 580 -763 444 N/A -941 59 -89 -605 N/A -773 -130
-174 -896 N/A 862 -842 195 -132 -677 N/A -448 -179 N/A -791 828 -178 -937 -128 -679 389 -33 N/A -984 569 734 N/A 792 -240 115 -690 N/A 333 N/A -764 N/A -225 N/A -498 748 N/A -105 962 N/A 762 -75
-128 537 N/A 559 809 857 651 -202 N/A 662 465 -177 N/A -991 320 N/A -886 438 -374 N/A 939 839 N/A -531 943 281 N/A 526 367 874 -983 560 N/A 8 769 -709 N/A -259 467 -710 152 701 -128 -876 N/A -17 N/A -407 680 N/A 920 739 -451 -671 N/A -767 230 N/A -192 655 377 N/A 522 -469 140 N/A 300
-743 559 -647 N/A -761 -912 N/A -107 861 -103 -353 543 -205 963 N/A 259 N/A -623 -4 -372 -942 N/A -504 -564 991 N/A 417 80 -39 N/A -804 61 -868 -33 N/A -169 74 N/A -286 965 N/A 541 -743 -935 N/A -457 774 -588 N/A 796
-44 N/A -364 N/A -895 980 -767 -971 N/A -37 -505 -878 13 652 299 -946 141 -761 825 307 N/A -957 N/A -773 -630 -627 N/A 265 34 -854 N/A 513 N/A 238 N/A 247 765
261 526 748 803 199 31 49 -370 N/A -363 70 N/A 148 -935 452 N/A -96 181 -392 N/A -126 N/A 927 32 -793 N/A -388 131 -808 -19 N/A 63 684 N/A 615 672 N/A -61 -742 N/A -949 N/A -942 -377 -188
719 369 -940 -148 N/A -371 N/A 392 -30 467 -448 -333 839 741 N/A -567 667 -77 N/A 677 -831 -497 -68 878 627 N/A -544 -256 -160 N/A 136 -87 N/A 766 -15 849 N/A 332 230 N/A -740 -799 N/A 143 N/A 20 -621 N/A -593 615 495
958 N/A 188 201 409 523 378 713 548 111 N/A -196 -939 N/A -147 -966 159 -944 -979 192 -289 31 N/A 359 N/A -358 N/A -524 709 N/A -866 898 982 N/A -802 802 -308 -751 -920 -902 -665 -130 N/A -42 N/A -161 N/A 806 -437 -467 N/A -285 -145 N/A -191 515 N/A -564 202 956 N/A -815 N/A -997 559 339
-362 N/A -651 -49 667 177 N/A -875 -694 N/A 473 -252 N/A 171 247 N/A -599 N/A -601 -698 -770 93 44 -12 N/A 115 -162 489 -852 -332 -973 N/A -928 -223 22 N/A 15 657 980 N/A 739 -472
917 -334 420 -748 -984 856 N/A 612 -65 N/A -710 692 -995 637 575 -763 61 N/A -783 -165 -474 N/A 735 373 -687 N/A 570 N/A 920 607 70 548 N/A -598 N/A 204 N/A -656 -983
-903 -77 N/A 684 -512 -320 732 -408 N/A 296 132 N/A 421 N/A -7 N/A -402 132 -219 N/A 190 -907 519 707 310 312 N/A 719 -703 -213 N/A -756 -67 -584 -525 N/A -865 881 -738 N/A 290 -855 666
692 141 -821 418 781 N/A 687 N/A 543 -919 690 -545 N/A -294 N/A 428 681 N/A 483 N/A -476 N/A -431 964 N/A -624 N/A 486 -823 257 -793 -867 N/A -579 N/A 501 N/A -238 587 N/A -178 -835 -498 -584 570 118 -484 201 304 -399 -316 -983 51
-997 227 -393 429 647 6 N/A -488 N/A -803 -119 N/A 480 536 N/A 371 -87 509 N/A 731 N/A -350 -21 N/A -368 894 535 -623 476 861 -439 -526 626 893 717 372 190 N/A 650 N/A -252 N/A 411 445 563 -886 N/A -941 N/A 98 N/A -134 533 N/A 808 700 N/A -741 742 325
-265 426 -898 525 595 N/A 205 N/A 47 374 858 477 -923 736 N/A -280 N/A 181 -739 N/A -262 -188 N/A 111 N/A -586 -65 -84 87 -112 -149 N/A -500 309 N/A -848 611 723 362 449 -672 384 N/A 990 N/A -662 365 N/A 896 N/A 197 N/A -821 160 -925 -63 N/A 540 -708 -876
937 N/A 720 N/A -394 332 N/A -858 -314 -379 156 724 870 N/A 518 -99 111 -763 N/A -679 803 N/A 591 819 331 N/A 0 N/A -281 130 142 351 -886 865 -576 N/A 481 -345 -887
207 760 -428 -470 N/A -72 -954 N/A 707 -869 N/A 703 N/A -729 -888 731 -299 209 -895 N/A 607 N/A 840 -443 N/A -45 267 N/A -525 -96 N/A -332 -624 -636 N/A 422 -964 -618 999 140 -144 N/A 560 -923 -962 -811 287 -910 799 378 170 N/A -437 N/A 675 N/A 322 -123 -956 N/A -538 637 N/A -801 -155 -91 N/A -519 210 N/A -526 802 895
-435 549 N/A 142 -64 N/A 221 N/A 653 N/A -342 -144 387 N/A 321 N/A -135 653 595 -801 N/A -973 N/A -107 N/A 300 N/A 350 -798 428 13 848 -133 -28 -719 985 -549 N/A -730 643 -470 -343 N/A -982 -643 390 868 N/A 419 594 N/A 88 22 731 -207 691 222 334 N/A 402 -997 N/A -49 119 881 -371 -392
-407 400 N/A -24 791 677 N/A -402 621 -769 N/A -648 615 83 N/A 85 N/A -810 -974 N/A 867 962 935 N/A 51 -432 -410 757 -793 -714 -624 N/A -232 N/A 82 -795 N/A -434 N/A -286 N/A 968 -844 -632 -426 -950 934 855
-99 N/A 921 -480 -44 -534 N/A 212 N/A 987 -211 N/A 671 -999 419 -260 N/A 257 837 63 -138 N/A -70 290 553 -138 N/A -231 -708 876 -493 N/A -252 N/A 80 -487 N/A -810 N/A -512 -65 894 450 -746 455 N/A 412 -606 -365 973 -54 -119 N/A -426
771 -428 N/A 532 N/A 620 N/A 272 758 143 411 -112 -705 N/A 274 821 N/A 989 -310 128 N/A -93 -800 745 -139 N/A 53 N/A -470 334 -143 -675 564 -236 N/A -701 203 -296 316 N/A -551 -207 N/A 747 19 -575 118 -602 -988 -3 784 443 N/A -605 N/A 302 -836 N/A 940 4 N/A 94 N/A -562 -570 -903 N/A 365 -366
719 711 N/A 767 N/A -359 348 -97 -867 -3 N/A 563 -701 -238 N/A -862 362 N/A -517 N/A -626 736 N/A -761 656 -812 -343 73 N/A 207 -19 N/A -318 -712 N/A -105 -530 471 473 -360 -105 120 -346 743 176 -51 -47 162 N/A -116 N/A 833 N/A 28 52 -508 N/A -624 -4 453 -895 861 -402 N/A -286 741 N/A -907 -446 N/A -736 N/A -787 -574 -347
977 657 N/A -320 963 N/A 151 160 686 -249 N/A 681 694 896 N/A 699 N/A 740 -597 N/A -438 -354 -965 -262 -292 N/A 611 -563 -185 182 N/A -774 -729 -627 750
490 N/A -323 513 621 N/A 989 340 433 374 658 N/A -73 169 -630 -446 N/A -572 -344 N/A 745 942 -622 N/A 829 N/A 405 -640 149 252 N/A 921 616 -687 N/A 172 -498 890 N/A 372 -194 -175 N/A 661 -559
349 -304 N/A 9 941 N/A -643 -744 170 -772 343 317 N/A -634 N/A -208 N/A -660 N/A 359 787 -662 583 -23 922 285 -224 -64 771 -219 N/A -526 N/A -59 496 352 N/A 870 -829 -462 -292 16 N/A 693 812 -999 N/A -103 N/A 56 -918
427 -569 698 -313 -421 260 N/A 198 -849 439 255 872 N/A -937 -527 738 N/A -568 N/A -216 N/A -48 N/A 538 -588 N/A 554 338 -636
215 -996 -395 N/A 116 -665 431 N/A 356 N/A -729 -817 N/A -777 552 466 N/A -916 N/A 317 868 942 546 -871 N/A 391 778 -402 -583 -29 -879 N/A -204
-515 -223 -815 -452 N/A -245 N/A 908 205 222 907 -328 -299 -342 N/A -685 752 -538 594 N/A 536 179 N/A -317 953 N/A 134 -430 N/A 232 -520 N/A -254 509 N/A 255 N/A -732 838 -219 -24 -208 517 N/A 271 369 735 941 N/A -610 N/A 401 421 450 N/A -993 -345 -873 833 N/A 972 701 495
-242 456 416 -701 N/A -132 -535 N/A -309 -315 -921 704 797 342 313 -689 309 -429 N/A -282 N/A 578 -786 N/A 837 51 N/A 601 897 N/A -227 -35 N/A 432 N/A 757 57 -531 N/A -192 741 184 -524 287 N/A -593 N/A -189 607 361 -625 386 N/A -634 -366 N/A -896 366 438 -398 N/A 573 N/A -501 274 -235 482 N/A -800 -139 N/A 843 807
-117 -757 -273 N/A -50 N/A 714 N/A -390 N/A 548 23 -665 N/A -736 -90 -439 N/A 936 -490 910 295 -18 847 N/A -91 532 658 -933 496 720 -933 717 -873 -898 N/A 863 N/A 239 N/A 328 N/A -778 224 244 453 N/A -525 -539 -314 -44 N/A 559 973 -763 -250 317 -161 N/A -232 109 -859 N/A -853 N/A -779 N/A 143 N/A -830 855 -210 -774 326 -421
287 -950 -800 391 -706 N/A -454 914 -59 -756 N/A -519 N/A 400 987 -486 N/A -116 959 N/A 265 N/A 870 835 534 N/A 150 -952 N/A 768 -72 405 -776
-565 N/A 857 N/A 299 148 33 163 802 394 -927 60 -276 N/A 914 62 -688 N/A 366 -115 N/A -493 N/A -287 91 -85 -909 N/A 223 N/A -182 577 -599 632 N/A -526 N/A 100 15 N/A 279 215 237 N/A -321 -322 264 N/A -692 -187 -590 681 N/A -461 -498 414 493 -263 -241 -261 N/A -682 -688 382 N/A 562 561
-138 54 N/A -110 N/A 55 N/A -614 -298 226 -650 N/A 794 947 -152 N/A -988 N/A -708 -145 N/A -388 -600 N/A 347 N/A -70 938 N/A -83 530 N/A -927 N/A -462 680 -492 -604 -986 -767 -873 -922 -785 871 N/A -684 -578 -247 -421 848 -24 -904
382 -945 823 N/A -645 N/A -123 N/A 392 N/A -864 62 917 -155 -38 N/A 849 897 594 -754 -396 454 N/A -863 915 N/A -772 212 999
279 408 -723 244 N/A 953 612 -113 -492 N/A -758 983 N/A -892 -431 N/A -739 744 N/A -394 385 -324 -169 -408 317 N/A 66 -757 -249 N/A -383 -405 N/A -498 77 N/A -902 N/A -118 5 -142 578 N/A 141
413 939 -401 211 -53 831 -211 N/A 797 861 N/A 328 N/A -114 N/A -817 N/A -191 N/A -896 N/A -518 -165 -781 -476 489 -495 N/A -323 -715 108 N/A 950 -652 N/A 438 572 467 N/A 991 -373 370 N/A 251 -766 -679 N/A -490 586 N/A 428 347 432 N/A 11 -87 -191 893 -313 592 394 597 -300 N/A 376 -146 -561 N/A 835 N/A -221 829
568 355 N/A 280 -974 N/A 108 -300 -641 -983 -872 566 766 35 -740 N/A 448 -543 N/A -72 -437 N/A -285 -325 632 999 -469 N/A 176 -361 -390 -909 -250 220 557 106 -171 N/A -123 N/A -495 N/A -602 510 N/A 133 -594 -120 N/A -103 -675 N/A 968 N/A -266 681 463 351 N/A 447 -191 N/A -609 N/A 650
314 N/A -7 N/A 587 719 207 -803 N/A -124 -515 -110 N/A -577 N/A 332 205 -629 978 N/A -866 -217 N/A 626 725 900 -495 138 137 N/A -868 407 249 N/A 36 N/A -689 885 -73 N/A -205 -976 876 308 N/A -195 532 N/A 719 -898 -158 663 733 205 983 895 787 423 N/A 977 310 968 93 N/A -386 N/A -522 N/A -794 -230 -416 -480 N/A 705
26 33 111 N/A 998 N/A 945 708 -287 737 -159 -798 307 -548 354 -106 N/A -699 N/A 320 -123 N/A 501 -761 N/A 231 N/A 455
407 N/A -478 N/A 54 292 116 638 13 N/A -853 N/A -321 49 208 528 -881 N/A -667 -995 N/A 855 508 773 N/A -422 106 -981 -423 823 666 -480 -70 N/A -892 N/A 346 -806 514 959 143 336 N/A 485 N/A -155 N/A -332 -154 -949 -516
-912 374 N/A 595 171 N/A -615 -90 561 883 101 -550 231 -801 N/A 168 N/A -385 945 -226 N/A -966 -951 149 N/A -587 886 17 188 445 N/A -939 N/A -696 -119 272 -732 N/A 253 N/A -397 807 -142 387 -485 N/A 634 N/A -885 N/A 894 238 N/A -751 75 590 -744 232 N/A 680 747 N/A 850 -588 -747 616 -799 457 N/A -843 80 N/A 974 226
432 489 -523 290 N/A -327 N/A 10 3 619 N/A -822 -151 -448 681 483 N/A 136 -799 338 N/A -141 248 -968 N/A 800 -254 764 N/A -834 -170 N/A 116 747 -818 833 N/A -194 N/A -357 56 508 N/A 800 328 -328 N/A -797 -723
-866 N/A 50 N/A 409 216 -398 299 N/A 694 N/A 479 934 -453 -896 513 573 -594 -55 N/A -411 -367 -266 N/A 413 N/A 839 -234
-167 -256 N/A -359 633 -100 -946 N/A 495 -93 -445 -367 N/A -181 879 830 439 359 N/A -872 N/A 50 -153 403 575 692 N/A -456 345 N/A 607 N/A 287 -651 -173
317 N/A 602 802 978 -59 362 944 N/A 182 -424 214 N/A -294 54 N/A 779 -378 621 996 N/A 552 772 295 355 -838 770 N/A 627 N/A -646 N/A 885 764 631 364 N/A 899 -637 N/A -356 875 N/A -628 N/A 304 -40 943 150 41 -651 977 -255 N/A 173 N/A 493 N/A 517 642 -881 877 N/A 432 -938
846 -489 N/A 637 -603 N/A 904 -502 976 N/A 270 N/A 360 -841 990 -21 996 -421 548 113 -713 571 -248 N/A -607 N/A 543 N/A -692 462 639 44 782 N/A 680 823 N/A 94 -718 N/A -431 -743 N/A 933 -246 N/A -403 934 -431 N/A -637 -820 N/A -298 -213 -173 -49 551 N/A -326 291 -118 870 -883 N/A 350 771 N/A 849 -960
862 565 -968 N/A -631 N/A 379 -899 N/A 169 -280 -710 N/A -704 29 -80 912 -535 N/A 664 121 -624 869 N/A -868 N/A 587 -746 -677
107 718 N/A -51 N/A 355 N/A -736 N/A 849 -605 -967 N/A 123 128 799 N/A 519 396 689 -300 978 -765 N/A -226 -773 805 N/A -783 -381 241 N/A 257 444 812 800 -910
-840 311 N/A -150 N/A 373 151 985 965 -1000 N/A 485 N/A -4 -6 -997 N/A -392 N/A -974 362 N/A 761 982 50 990 351 593 -537 -31 300 N/A -846 815 288 -505 497 N/A -235
-151 -272 539 -525 N/A 824 N/A -507 196 -964 -997 N/A -618 N/A -722 -627 355 684 N/A -632 421 N/A 742 N/A 460 -557 28 N/A -118 329 -802 99 395 -386 -775 N/A -359 834 N/A 833 777 -228 N/A -537 -340 N/A 749 278 645 486 -750 97 300 -459 N/A 877 N/A 196 804
-462 84 72 N/A 288 -630 N/A -986 N/A 772 827 386 314 302 -39 998 N/A -158 193 -953 -903 -994 -483 913 874 N/A 952 N/A -117 -421 N/A -604 61 -862 816 -61 688 246 393 -140 N/A -827 -244 N/A 270 -240 626 N/A -167 N/A 135 N/A 231 N/A 737 696 604 N/A -855 -414 N/A -411 102 -220 N/A 990
239 -252 -781 -472 N/A 733 563 606 N/A 576 -688 -338 -977 N/A 895 -399 N/A -733 810 263 N/A 777 218 N/A 850 N/A 303 967 -71 N/A -236 -185 -652 497 N/A 874 -944 602 N/A -446 -312 N/A 20 622 N/A -334 510 -936
641 -969 554 -852 N/A -919 181 N/A 342 -833 -131 -532 N/A 112 39 -190 -15 872 363 -400 -17 -247 -223 -315 -753 N/A 639 831 N/A -23 N/A 137 N/A -325 N/A -537 -937 N/A -202 N/A -937 637